10
0 0 64 32 32 0 0 0 0 0
0 32 32 64 0 0 0 0 0 0
0 0 128 0 0 0 0 0 0 0
64 64 128 0 0 0 0 0 0 0
0 0 64 32 32 0 0 0 0 0
0 32 32 64 0 0 0 0 0 0
0 0 128 0 0 0 0 0 0 0
64 64 128 0 0 0 0 0 0 0
128 32 2 4 0 0 0 0 0 0
0 0 128 0 0 0 0 0 0 0
1024

20
1024 1024 1024 1024 1024 1024 1024 1024 1024 1024 1024 1024 1024 1024 1024 1024 1024 1024 1024 1024
1024 1024 1024 1024 1024 1024 1024 1024 1024 1024 1024 1024 1024 1024 1024 1024 1024 1024 1024 1024
1024 1024 1024 1024 1024 1024 1024 1024 1024 1024 1024 1024 1024 1024 1024 1024 1024 1024 1024 1024
1024 1024 1024 1024 1024 1024 1024 1024 1024 1024 1024 1024 1024 1024 1024 1024 1024 1024 1024 1024
1024 1024 1024 1024 1024 1024 1024 1024 1024 1024 1024 1024 1024 1024 1024 1024 1024 1024 1024 1024
1024 1024 1024 1024 1024 1024 1024 1024 1024 1024 1024 1024 1024 1024 1024 1024 1024 1024 1024 1024
1024 1024 1024 1024 1024 1024 1024 1024 1024 1024 1024 1024 1024 1024 1024 1024 1024 1024 1024 1024
1024 1024 1024 1024 1024 1024 1024 1024 1024 1024 1024 1024 1024 1024 1024 1024 1024 1024 1024 1024
1024 1024 1024 1024 1024 1024 1024 1024 1024 1024 1024 1024 1024 1024 1024 1024 1024 1024 1024 1024
1024 1024 1024 1024 1024 1024 1024 1024 1024 1024 1024 1024 1024 1024 1024 1024 1024 1024 1024 1024
1024 1024 1024 1024 1024 1024 1024 1024 1024 1024 1024 1024 1024 1024 1024 1024 1024 1024 1024 1024
1024 1024 1024 1024 1024 1024 1024 1024 1024 1024 1024 1024 1024 1024 1024 1024 1024 1024 1024 1024
1024 1024 1024 1024 1024 1024 1024 1024 1024 1024 1024 1024 1024 1024 1024 1024 1024 1024 1024 1024
1024 1024 1024 1024 1024 1024 1024 1024 1024 1024 1024 1024 1024 1024 1024 1024 1024 1024 1024 1024
1024 1024 1024 1024 1024 1024 1024 1024 1024 1024 1024 1024 1024 1024 1024 1024 1024 1024 1024 1024
1024 1024 1024 1024 1024 1024 1024 1024 1024 1024 1024 1024 1024 1024 1024 1024 1024 1024 1024 1024
1024 1024 1024 1024 1024 1024 1024 1024 1024 1024 1024 1024 1024 1024 1024 1024 1024 1024 1024 1024
1024 1024 1024 1024 1024 1024 1024 1024 1024 1024 1024 1024 1024 1024 1024 1024 1024 1024 1024 1024
1024 1024 1024 1024 1024 1024 1024 1024 1024 1024 1024 1024 1024 1024 1024 1024 1024 1024 1024 1024
1024 1024 1024 1024 1024 1024 1024 1024 1024 1024 1024 1024 1024 1024 1024 1024 1024 1024 1024 1024

9
4 2 0 0 0 0 0 0 0
4 8 0 0 0 0 0 0 0
4 0 0 0 0 0 0 0 0
8 0 0 0 0 0 0 0 0
8 0 0 0 0 0 0 0 0
8 0 0 0 0 0 0 0 0
8 0 0 0 0 0 0 0 0
8 4 0 0 0 0 0 0 0
8 2 0 0 0 0 0 0 0
64

10
0 0 64 32 32 0 0 0 0 0
0 32 32 64 0 0 0 0 0 0
0 0 128 0 0 0 0 0 0 0
64 64 128 0 0 0 0 0 0 0
0 0 64 32 32 0 0 0 0 0
0 32 32 64 0 0 0 0 0 0
0 0 128 0 0 0 0 0 0 0
64 64 128 0 0 0 0 0 0 0
128 32 2 4 0 0 0 0 0 0
0 0 128 0 0 0 0 0 0 0
1024

3
0 8 1024
4 0 4
0 1024 32
2048

4
8 16 0 0
0 0 16 8
0 0 0 0
0 0 0 0
32

4
2 2 2 2
2 2 2 2
2 2 2 2
2 2 2 2
32

10
0 0 0 0 0 32 8 64 8 16
0 0 0 0 0 0 0 16 8 16
0 0 0 0 0 0 0 0 0 2
0 0 0 0 0 0 0 0 0 0
0 0 0 0 0 0 0 0 0 0
0 0 0 0 0 0 0 0 0 0
0 0 0 0 0 0 0 0 0 0
0 0 0 0 0 0 0 0 0 0
0 0 0 0 0 0 0 0 0 0
0 0 0 0 0 0 0 0 0 0
128

2
8 16
16 8

7
2 2 2 2 2 2 2
2 0 2 2 2 2 2
2 0 2 2 2 2 2
2 0 2 2 2 2 2
2 2 2 0 2 2 2
2 2 2 2 2 2 0
2 2 2 2 2 2 0

2
16 0
0 0

5
2 2 4 8 16
0 0 0 0 0
0 0 0 0 0
0 0 0 0 0
2 2 4 8 16

10
16 16 8 32 32 0 0 8 8 8
16 0 0 0 0 8 0 0 0 16
0 0 0 0 0 0 0 0 0 2
0 0 0 0 0 0 0 0 0 0
0 0 0 0 0 0 0 0 0 0
0 0 0 0 0 0 0 0 0 0
0 0 0 0 0 0 0 0 0 0
0 0 0 0 0 0 0 0 0 0
0 0 0 0 0 0 0 0 0 0
0 0 0 0 0 0 0 0 0 0

3
2 2 2
2 2 2
2 2 2

8
2 2 2 2 2 2 2 2
0 0 0 0 0 0 0 0
0 0 0 0 0 0 0 0
0 0 0 0 0 0 0 0
0 0 0 0 0 0 0 0
0 0 0 0 0 0 0 0
0 0 0 0 0 0 0 0
0 0 0 0 0 0 0 0

10
0 0 64 32 32 0 0 0 0 0
0 32 32 64 0 0 0 0 0 0
0 0 128 0 0 0 0 0 0 0
64 64 128 0 0 0 0 0 0 0
0 0 64 32 32 0 0 0 0 0
0 32 32 64 0 0 0 0 0 0
0 0 128 0 0 0 0 0 0 0
64 64 128 0 0 0 0 0 0 0
128 32 0 0 0 0 0 0 0 0
0 0 128 0 0 0 0 0 0 0

8
2 0 0 0 0 0 0 0
2 0 0 0 0 0 0 0
4 0 0 0 0 0 0 0
8 0 0 0 0 0 0 0
16 0 0 0 0 0 0 0
32 0 0 0 0 0 0 0
64 0 0 0 0 0 0 0
128 0 0 0 0 0 0 0



4
0 64 2 1024
2 512 8 0
0 32 512 256
64 64 8 2
2048

10
16 16 8 32 32 0 0 8 8 8
16 0 0 0 0 8 0 0 0 16
0 0 0 0 0 0 0 0 0 2
0 0 0 0 0 0 0 0 0 0
0 0 0 0 0 0 0 0 0 0
0 0 0 0 0 0 0 0 0 0
0 0 0 0 0 0 0 0 0 0
0 0 0 0 0 0 0 0 0 0
0 0 0 0 0 0 0 0 0 0
0 0 0 0 0 0 0 0 0 0
64

4
0 8 1 1
8 0 1 4
8 0 8 32
1 32 32 0
128

4
2 32 16 8
4 0 4 4
0 1 8 4
32 32 0 32
64


4
2 16 16 0
32 16 4 1
4 16 32 0
2 0 8 8
128

3
2 2 2
4 4 4
8 8 8




