3
9 85 99
ans: 99985

2
0 0

10
1 111101111 1011111 10 10101010 101101110 101010101 111111111 111111110 1011111



3
10 100 1004

21
741357 166171 760248 826 826846 155969 649625 807441 24548 364339 175610 242191 812569 156711 873245 447216 623898 967227 668188 633343 753608

1
0

2
1000000000
999999999

2
9099 909

4
1101 1011 110 11011

7
1 11 101 1001 1004 100 10

2
323323321 323

3
1 11 0

2
77 77999

2
98 9888889







10 
999 998 982 982 991 934 132 233 199 933

5
0 0 0 0 1

5
3 30 34 5 9

ans: 9534330

3
932 92 9

ans: 993292

3
9 94 35

ans: 99435


