16
0 1 0 0 0 0 0 0 0 0 0 0 0 0 0 0
0 0 1 1 1 1 1 1 1 1 1 1 1 1 1 1
1 1 0 1 1 1 1 1 1 1 1 1 1 1 1 1
0 1 1 0 1 1 1 1 1 1 1 1 1 1 1 1
0 1 1 1 0 1 1 1 1 1 1 1 1 1 1 1
0 1 1 1 1 0 1 1 1 1 1 1 1 1 1 1
0 1 1 1 1 1 0 1 1 1 1 1 1 1 1 1
0 1 1 1 1 1 1 0 1 1 1 1 1 1 1 1
0 1 1 1 1 1 1 1 0 1 1 1 1 1 1 1
0 1 1 1 1 1 1 1 1 0 1 1 1 1 1 1
0 1 1 1 1 1 1 1 1 1 0 1 1 1 1 1
0 1 1 1 1 1 1 1 1 1 1 0 1 1 1 1
0 1 1 1 1 1 1 1 1 1 1 1 0 1 1 1
0 1 1 1 1 1 1 1 1 1 1 1 1 0 1 1
0 1 1 1 1 1 1 1 1 1 1 1 1 1 0 1
0 1 1 1 1 1 1 1 1 1 1 1 1 1 1 0

3
0 86 0
69 0 83
45 97 0
(214)

4
0 1 2 3
2 0 3 0
3 0 0 0
1 2 3 0
(11)

4
0 1 100 100
0 0 3 0
0 200 0 400
1 1 1 0
(405)

4
0 7 3 3
7 0 9 2
1 9 0 12
7 7 12 0
(20)

16
0 32769 32770 32771 32772 32773 32774 32775 32776 32777 32778 32779 32780 32781 32782 32783 
1 0 16386 16387 16388 16389 16390 16391 16392 16393 16394 16395 16396 16397 16398 16399
1 1 0 8195 8196 8197 8198 8199 8200 8201 8202 8203 8204 8205 8206 8207
1 1 1 0 4100 4101 4102 4103 4104 4105 4106 4107 4108 4109 4110 4111
1 1 1 1 0 2053 2054 2055 2056 2057 2058 2059 2060 2061 2062 2063
1 1 1 1 1 0 1030 1031 1032 1033 1034 1035 1036 1037 1038 1039
1 1 1 1 1 1 0 519 520 521 522 523 524 525 526 527
1 1 1 1 1 1 1 0 264 265 266 267 268 269 270 271 
1 1 1 1 1 1 1 1 0 137 138 139 140 141 142 143
1 1 1 1 1 1 1 1 1 0 74 75 76 77 78 79
1 1 1 1 1 1 1 1 1 1 0 43 44 45 46 47
1 1 1 1 1 1 1 1 1 1 1 0 28 29 30 31
1 1 1 1 1 1 1 1 1 1 1 1 0 21 22 23
1 1 1 1 1 1 1 1 1 1 1 1 1 0 18 19
1 1 1 1 1 1 1 1 1 1 1 1 1 1 0 17
1 1 1 1 1 1 1 1 1 1 1 1 1 1 1 0
(32798)



